,"fName","File.Name","Serial.Number","Model","Firmware.Version","Start","Stop",Duration,Run.Time,Pause,"Pre.Calibration","Post.Calibration","Calibration.Deviation","RMS.Weight","Peak.Weight","Detector","Preamp","Microphone.Correction","Integration.Method","OBA.Range","OBA.Bandwidth","OBA.Freq..Weighting","OBA.Max.Spectrum",Gain,Overload,LAeq,LAE,EA,SEA,LCeq,LCeq...LAeq,LAIeq,LAIeq...LAeq,X..Overloads,Overload.Duration,X..OBA.Overloads,OBA.Overload.Duration,LAF66.60,LAF90.00
831_Data.127,"831_Data_127.xlsx","831_Data.127","3827","Model 831","2.301","2015-06-11 10:41:19 -0400","2015-06-11 10:46:03 -0400",283.2,283.2,0.0,"2015-06-11 09:17:24 -0400","None","---","A Weighting","Z Weighting","Fast","PRM831","RI:FF","Linear","Normal","1/1 and 1/3","Z Weighting","Bin Max",0.0000,145.6953,53.3377,77.8586,6.7860,-99.9400,60.2326,6.8950,59.5455,6.2078,0.0000,0.0000,0.0000,0.0,35.8,29.1
831_Data.134,"831_Data_134.xlsx","831_Data.134","3827","Model 831","2.301","2015-06-11 11:58:08 -0400","2015-06-11 12:02:46 -0400",277.8,277.8,0.0,"2015-06-11 09:17:24 -0400","None","---","A Weighting","Z Weighting","Fast","PRM831","RI:FF","Linear","Normal","1/1 and 1/3","Z Weighting","Bin Max",0.0000,145.6953,45.5598,69.9971,1.1104,-99.9400,51.6279,6.0681,53.5183,7.9585,0.0000,0.0000,0.0000,0.0,28.4,23.9
831_Data.136,"831_Data_136.xlsx","831_Data.136","3827","Model 831","2.301","2015-06-11 12:10:27 -0400","2015-06-11 12:12:55 -0400",131.1,131.1,0.0,"2015-06-11 09:17:24 -0400","None","---","A Weighting","Z Weighting","Fast","PRM831","RI:FF","Linear","Normal","1/1 and 1/3","Z Weighting","Bin Max",0.0000,145.6953,50.9963,72.1723,1.8323,-99.9400,56.6796,5.6833,56.8618,5.8655,0.0000,0.0000,0.0000,0.0,33.0,29.3
831_Data.137,"831_Data_137.xlsx","831_Data.137","3827","Model 831","2.301","2015-06-11 12:14:37 -0400","2015-06-11 12:17:34 -0400",177.0,177.0,0.0,"2015-06-11 09:17:24 -0400","None","---","A Weighting","Z Weighting","Fast","PRM831","RI:FF","Linear","Normal","1/1 and 1/3","Z Weighting","Bin Max",0.0000,145.6953,51.5950,74.0747,2.8394,-99.9400,54.2177,2.6228,58.0065,6.4115,0.0000,0.0000,0.0000,0.0,35.5,25.7
831_Data.138,"831_Data_138.xlsx","831_Data.138","3827","Model 831","2.301","2015-06-11 12:17:47 -0400","2015-06-11 12:23:37 -0400",349.3,349.3,0.0,"2015-06-11 09:17:24 -0400","None","---","A Weighting","Z Weighting","Fast","PRM831","RI:FF","Linear","Normal","1/1 and 1/3","Z Weighting","Bin Max",0.0000,145.6953,47.5981,73.0301,2.2324,-99.9400,56.1946,8.5965,54.5183,6.9202,0.0000,0.0000,0.0000,0.0,29.6,25.4
831_Data.139,"831_Data_139.xlsx","831_Data.139","3827","Model 831","2.301","2015-06-11 12:27:53 -0400","2015-06-11 12:29:58 -0400",124.2,124.2,0.0,"2015-06-11 09:17:24 -0400","None","---","A Weighting","Z Weighting","Fast","PRM831","RI:FF","Linear","Normal","1/1 and 1/3","Z Weighting","Bin Max",0.0000,145.6953,45.0578,65.9990,0.4422,-99.9400,53.1188,8.0610,51.9390,6.8812,0.0000,0.0000,0.0000,0.0,26.9,25.6
831_Data.140,"831_Data_140.xlsx","831_Data.140","3827","Model 831","2.301","2015-06-11 12:36:35 -0400","2015-06-11 12:39:11 -0400",155.2,155.2,0.0,"2015-06-11 09:17:24 -0400","None","---","A Weighting","Z Weighting","Fast","PRM831","RI:FF","Linear","Normal","1/1 and 1/3","Z Weighting","Bin Max",0.0000,145.6953,49.4994,71.4083,1.5367,-99.9400,58.3919,8.8925,55.2291,5.7297,0.0000,0.0000,0.0000,0.0,31.1,26.4
831_Data.145,"831_Data_145.xlsx","831_Data.145","3827","Model 831","2.301","2015-06-11 14:15:32 -0400","2015-06-11 14:22:51 -0400",440.4,440.4,0.0,"2015-06-11 09:17:24 -0400","None","---","A Weighting","Z Weighting","Fast","PRM831","RI:FF","Linear","Normal","1/1 and 1/3","Z Weighting","Bin Max",0.0000,145.6953,50.6470,77.0854,5.6794,-99.9400,57.6722,7.0252,57.7217,7.0747,0.0000,0.0000,0.0000,0.0,33.3,28.0
831_Data.149,"831_Data_149.xlsx","831_Data.149","3827","Model 831","2.301","2015-06-11 15:33:37 -0400","2015-06-11 15:37:31 -0400",233.7,233.7,0.0,"2015-06-11 09:17:24 -0400","None","---","A Weighting","Z Weighting","Fast","PRM831","RI:FF","Linear","Normal","1/1 and 1/3","Z Weighting","Bin Max",0.0000,145.6953,50.1747,73.8613,2.7032,-99.9400,72.3814,22.2067,57.1947,7.0200,0.0000,0.0000,0.0000,0.0,39.8,36.3
831_Data.150,"831_Data_150.xlsx","831_Data.150","3827","Model 831","2.301","2015-06-11 15:38:57 -0400","2015-06-11 15:41:51 -0400",173.9,173.9,0.0,"2015-06-11 09:17:24 -0400","None","---","A Weighting","Z Weighting","Fast","PRM831","RI:FF","Linear","Normal","1/1 and 1/3","Z Weighting","Bin Max",0.0000,145.6953,51.6204,74.0234,2.8060,-99.9400,69.4125,17.7921,57.9973,6.3769,0.0000,0.0000,0.0000,0.0,34.1,31.4
831_Data.151,"831_Data_151.xlsx","831_Data.151","3827","Model 831","2.301","2015-06-11 15:57:15 -0400","2015-06-11 16:00:29 -0400",194.3,194.3,0.0,"2015-06-11 09:17:24 -0400","None","---","A Weighting","Z Weighting","Fast","PRM831","RI:FF","Linear","Normal","1/1 and 1/3","Z Weighting","Bin Max",0.0000,145.6953,52.8126,75.6973,4.1256,-99.9400,67.2580,14.4454,59.0716,6.2590,0.0000,0.0000,0.0000,0.0,33.5,30.8
831_Data.155,"831_Data_155.xlsx","831_Data.155","3827","Model 831","2.301","2015-06-11 16:19:19 -0400","2015-06-11 16:21:46 -0400",147.3,147.3,0.0,"2015-06-11 09:17:24 -0400","None","---","A Weighting","Z Weighting","Fast","PRM831","RI:FF","Linear","Normal","1/1 and 1/3","Z Weighting","Bin Max",0.0000,145.6953,49.3261,71.0081,1.4014,-99.9400,71.8812,22.5551,55.2401,5.9140,0.0000,0.0000,0.0000,0.0,35.9,33.3
831_Data.161,"831_Data_161.xlsx","831_Data.161","3827","Model 831","2.301","2015-06-12 08:51:59 -0400","2015-06-12 08:58:16 -0400",596.4,377.6,218.8,"2015-06-12 08:26:21 -0400","None","---","A Weighting","Z Weighting","Fast","PRM831","RI:FF","Linear","Normal","1/1 and 1/3","Z Weighting","Bin Max",0.0000,145.8307,49.3906,75.1609,3.6462,-99.9400,62.9106,13.5201,56.9881,7.5975,0.0000,0.0000,0.0000,0.0,34.5,33.2
831_Data.164,"831_Data_164.xlsx","831_Data.164","3827","Model 831","2.301","2015-06-12 09:45:09 -0400","2015-06-12 09:54:47 -0400",578.4,578.4,0.0,"2015-06-12 08:26:21 -0400","None","---","A Weighting","Z Weighting","Fast","PRM831","RI:FF","Linear","Normal","1/1 and 1/3","Z Weighting","Bin Max",0.0000,145.8307,50.8377,78.4600,7.7939,-99.9400,60.3123,9.4747,60.3562,9.5185,0.0000,0.0000,0.0000,0.0,36.7,33.2
831_Data.166,"831_Data_166.xlsx","831_Data.166","3827","Model 831","2.301","2015-06-12 09:59:05 -0400","2015-06-12 10:03:15 -0400",248.6,248.6,0.0,"2015-06-12 08:26:21 -0400","None","---","A Weighting","Z Weighting","Fast","PRM831","RI:FF","Linear","Normal","1/1 and 1/3","Z Weighting","Bin Max",0.0000,145.8307,59.1838,83.1388,22.8898,-99.9400,70.6899,11.5060,70.5490,11.3651,0.0000,0.0000,0.0000,0.0,36.8,33.4
831_Data.170,"831_Data_170.xlsx","831_Data.170","3827","Model 831","2.301","2015-06-12 10:30:13 -0400","2015-06-12 10:34:37 -0400",263.6,263.6,0.0,"2015-06-12 08:26:21 -0400","None","---","A Weighting","Z Weighting","Fast","PRM831","RI:FF","Linear","Normal","1/1 and 1/3","Z Weighting","Bin Max",0.0000,145.8307,48.7940,73.0035,2.2187,-99.9400,55.9380,7.1439,56.8501,8.0561,0.0000,0.0000,0.0000,0.0,36.2,34.7
831_Data.185,"831_Data_185.xlsx","831_Data.185","3827","Model 831","2.301","2015-06-18 09:40:03 -0400","2015-06-18 09:43:09 -0400",186.3,186.3,0.0,"2015-06-18 08:59:26 -0400","None","---","A Weighting","Z Weighting","Fast","PRM831","RI:FF","Linear","Normal","1/1 and 1/3","Z Weighting","Bin Max",0.0000,145.8124,52.6943,75.3964,3.8495,-99.9400,68.5945,15.9002,58.4135,5.7192,0.0000,0.0000,0.0000,0.0,43.8,41.9
831_Data.200,"831_Data_200.xlsx","831_Data.200","3827","Model 831","2.301","2015-06-19 10:50:16 -0400","2015-06-19 10:58:17 -0400",481.4,481.4,0.0,"2015-06-19 09:53:04 -0400","None","---","A Weighting","Z Weighting","Fast","PRM831","RI:FF","Linear","Normal","1/1 and 1/3","Z Weighting","Bin Max",0.0000,145.7745,56.2782,83.1033,22.7032,-99.9400,69.4136,13.1353,62.8924,6.6141,0.0000,0.0000,0.0000,0.0,50.7,47.6
831_Data.202,"831_Data_202.xlsx","831_Data.202","3827","Model 831","2.301","2015-06-19 11:02:13 -0400","2015-06-19 11:03:30 -0400",77.9,77.9,0.0,"2015-06-19 09:53:04 -0400","None","---","A Weighting","Z Weighting","Fast","PRM831","RI:FF","Linear","Normal","1/1 and 1/3","Z Weighting","Bin Max",0.0000,145.7745,57.6997,76.6150,5.0964,-99.9400,69.5452,11.8456,63.4397,5.7400,0.0000,0.0000,0.0000,0.0,49.0,46.9
831_Data.205,"831_Data_205.xlsx","831_Data.205","3827","Model 831","2.301","2015-06-19 11:12:51 -0400","2015-06-19 11:22:23 -0400",197.3,197.3,0.0,"2015-06-19 09:53:04 -0400","None","---","A Weighting","Z Weighting","Fast","PRM831","RI:FF","Linear","Normal","1/1 and 1/3","Z Weighting","Bin Max",0.0000,145.7745,51.3596,74.3109,2.9981,-99.9400,66.9941,15.6345,58.5907,7.2311,0.0000,0.0000,0.0000,0.0,46.5,44.9
831_Data.208,"831_Data_208.xlsx","831_Data.208","3827","Model 831","2.301","2015-06-19 11:46:04 -0400","2015-06-19 11:53:58 -0400",474.5,474.5,0.0,"2015-06-19 09:53:04 -0400","None","---","A Weighting","Z Weighting","Fast","PRM831","RI:FF","Linear","Normal","1/1 and 1/3","Z Weighting","Bin Max",0.0000,145.7745,54.3969,81.1592,14.5104,-99.9400,66.1681,11.7713,66.8363,12.4394,0.0000,0.0000,0.0000,0.0,44.0,41.7
831_Data.214,"831_Data_214.xlsx","831_Data.214","3827","Model 831","2.301","2015-06-19 12:20:05 -0400","2015-06-19 12:35:31 -0400",532.3,532.3,0.0,"2015-06-19 09:53:04 -0400","None","---","A Weighting","Z Weighting","Fast","PRM831","RI:FF","Linear","Normal","1/1 and 1/3","Z Weighting","Bin Max",0.0000,145.7745,56.3147,83.5762,25.3152,-99.9400,68.2209,11.9062,65.2750,8.9603,0.0000,0.0000,0.0000,0.0,45.7,43.8
PR__ABLA.005,"PR__ABLA_005.xlsx","PR__ABLA.005","3827","Model 831","2.301","2020-04-27 16:24:34 -0400","2020-04-27 16:25:35 -0400",62.4,62.4,0.0,"2019-07-19 03:33:41 -0400","None","---","A Weighting","Z Weighting","Fast","PRM831","RI:FF","Linear","Low","1/1 and 1/3","A Weighting","Bin Max",0.0000,145.4806,46.9145,64.8663,0.3407,-99.9400,57.6499,10.7354,53.0695,6.1551,0.0000,0.0000,0.0000,0.0,37.0,35.5
PR__ABLA.007,"PR__ABLA_007.xlsx","PR__ABLA.007","3827","Model 831","2.301","2020-04-27 16:34:27 -0400","2020-04-27 16:34:38 -0400",11.2,11.2,0.0,"2019-07-19 03:33:41 -0400","None","---","A Weighting","Z Weighting","Fast","PRM831","RI:FF","Linear","Low","1/1 and 1/3","A Weighting","Bin Max",0.0000,145.4806,47.3988,57.8910,0.0684,-99.9400,59.8933,12.4945,53.0651,5.6663,0.0000,0.0000,0.0000,0.0,37.9,37.3
PR__ABLA.008,"PR__ABLA_008.xlsx","PR__ABLA.008","3827","Model 831","2.301","2020-04-27 16:35:14 -0400","2020-04-27 16:35:28 -0400",13.2,13.2,0.0,"2019-07-19 03:33:41 -0400","None","---","A Weighting","Z Weighting","Fast","PRM831","RI:FF","Linear","Low","1/1 and 1/3","A Weighting","Bin Max",0.0000,145.4806,51.5981,62.8038,0.2119,-99.9400,65.6917,14.0937,54.0880,2.4899,0.0000,0.0000,0.0000,0.0,48.7,46.4
PR__ABLA.010,"PR__ABLA_010.xlsx","PR__ABLA.010","3827","Model 831","2.301","2020-04-27 16:46:29 -0400","2020-04-27 16:47:22 -0400",53.8,53.8,0.0,"2019-07-19 03:33:41 -0400","None","---","A Weighting","Z Weighting","Fast","PRM831","RI:FF","Linear","Low","1/1 and 1/3","A Weighting","Bin Max",0.0000,145.4806,46.2508,63.5587,0.2521,-99.9400,59.4735,13.2227,51.7806,5.5298,0.0000,0.0000,0.0000,0.0,37.3,36.1
PR__ABLA.014,"PR__ABLA_014.xlsx","PR__ABLA.014","3827","Model 831","2.301","2020-04-27 17:23:19 -0400","2020-04-27 17:23:41 -0400",22.9,22.9,0.0,"2019-07-19 03:33:41 -0400","None","---","A Weighting","Z Weighting","Fast","PRM831","RI:FF","Linear","Low","1/1 and 1/3","A Weighting","Bin Max",0.0000,145.4806,38.7209,52.3192,0.0190,-99.9400,51.1764,12.4555,45.9025,7.1816,0.0000,0.0000,0.0000,0.0,32.3,31.5
PR__ABLA.016,"PR__ABLA_016.xlsx","PR__ABLA.016","3827","Model 831","2.301","2020-04-27 17:46:20 -0400","2020-04-27 17:48:26 -0400",125.5,125.5,0.0,"2019-07-19 03:33:41 -0400","None","---","A Weighting","Z Weighting","Fast","PRM831","RI:FF","Linear","Low","1/1 and 1/3","A Weighting","Bin Max",0.0000,145.4806,42.9327,63.9192,0.2740,-99.9400,62.0240,19.0913,48.4982,5.5655,0.0000,0.0000,0.0000,0.0,34.2,33.2
PR__ABLA.019,"PR__ABLA_019.xlsx","PR__ABLA.019","3827","Model 831","2.301","2020-04-27 18:05:41 -0400","2020-04-27 18:06:00 -0400",19.1,19.1,0.0,"2019-07-19 03:33:41 -0400","None","---","A Weighting","Z Weighting","Fast","PRM831","RI:FF","Linear","Low","1/1 and 1/3","A Weighting","Bin Max",0.0000,145.4806,41.9698,54.7802,0.0334,-99.9400,56.7205,14.7507,50.5976,8.6277,0.0000,0.0000,0.0000,0.0,34.7,34.2
PR__ABLA.021,"PR__ABLA_021.xlsx","PR__ABLA.021","3827","Model 831","2.301","2020-04-27 18:07:07 -0400","2020-04-27 18:07:17 -0400",10.7,10.7,0.0,"2019-07-19 03:33:41 -0400","None","---","A Weighting","Z Weighting","Fast","PRM831","RI:FF","Linear","Low","1/1 and 1/3","A Weighting","Bin Max",0.0000,145.4806,43.6153,53.9092,0.0273,-99.9400,57.5299,13.9145,50.5108,6.8955,0.0000,0.0000,0.0000,0.0,34.9,34.1
PR__ABLA.026,"PR__ABLA_026.xlsx","PR__ABLA.026","3827","Model 831","2.301","2020-04-27 18:49:01 -0400","2020-04-27 18:50:25 -0400",83.3,83.3,0.0,"2019-07-19 03:33:41 -0400","None","---","A Weighting","Z Weighting","Fast","PRM831","RI:FF","Linear","Low","1/1 and 1/3","A Weighting","Bin Max",0.0000,145.4806,52.9669,72.1733,1.8327,-99.9400,55.8034,2.8365,58.4810,5.5142,0.0000,0.0000,0.0000,0.0,38.3,37.5
PR__ABLA.027,"PR__ABLA_027.xlsx","PR__ABLA.027","3827","Model 831","2.301","2020-04-27 18:51:49 -0400","2020-04-27 18:52:37 -0400",48.4,48.4,0.0,"2019-07-19 03:33:41 -0400","None","---","A Weighting","Z Weighting","Fast","PRM831","RI:FF","Linear","Low","1/1 and 1/3","A Weighting","Bin Max",0.0000,145.4806,59.4468,76.2952,4.7346,-99.9400,59.8408,0.3940,65.5350,6.0882,0.0000,0.0000,0.0000,0.0,38.5,37.2
PR__ABLA.031,"PR__ABLA_031.xlsx","PR__ABLA.031","3827","Model 831","2.301","2020-04-27 19:31:08 -0400","2020-04-27 19:33:33 -0400",144.0,144.0,0.0,"2019-07-19 03:33:41 -0400","None","---","A Weighting","Z Weighting","Fast","PRM831","RI:FF","Linear","Low","1/1 and 1/3","A Weighting","Bin Max",0.0000,145.4806,50.7915,72.3751,1.9199,-99.9400,58.2172,7.4257,57.0956,6.3041,0.0000,0.0000,0.0000,0.0,35.9,35.3
PR__ABLA.034,"PR__ABLA_034.xlsx","PR__ABLA.034","3827","Model 831","2.301","2020-04-27 19:44:30 -0400","2020-04-27 19:44:57 -0400",27.2,27.2,0.0,"2019-07-19 03:33:41 -0400","None","---","A Weighting","Z Weighting","Fast","PRM831","RI:FF","Linear","Low","1/1 and 1/3","A Weighting","Bin Max",0.0000,145.4806,44.6230,58.9687,0.0876,-99.9400,57.7324,13.1094,52.3023,7.6793,0.0000,0.0000,0.0000,0.0,38.0,37.6
PR__ABLA.041,"PR__ABLA_041.xlsx","PR__ABLA.041","3827","Model 831","2.301","2020-04-27 20:35:38 -0400","2020-04-27 20:36:45 -0400",67.0,67.0,0.0,"2019-07-19 03:33:41 -0400","None","---","A Weighting","Z Weighting","Fast","PRM831","RI:FF","Linear","Low","1/1 and 1/3","A Weighting","Bin Max",0.0000,145.4806,45.1778,63.4386,0.2453,-99.9400,56.9461,11.7683,51.0967,5.9189,0.0000,0.0000,0.0000,0.0,37.2,36.5
PR__ABLA.043,"PR__ABLA_043.xlsx","PR__ABLA.043","3827","Model 831","2.301","2020-04-27 20:46:24 -0400","2020-04-27 20:47:11 -0400",46.8,46.8,0.0,"2019-07-19 03:33:41 -0400","None","---","A Weighting","Z Weighting","Fast","PRM831","RI:FF","Linear","Low","1/1 and 1/3","A Weighting","Bin Max",0.0000,145.4806,47.3342,64.0367,0.2815,-99.9400,59.3557,12.0215,54.2438,6.9096,0.0000,0.0000,0.0000,0.0,36.0,35.4
PR__ABLA.045,"PR__ABLA_045.xlsx","PR__ABLA.045","3827","Model 831","2.301","2020-04-27 22:01:06 -0400","2020-04-27 22:02:58 -0400",111.4,111.4,0.0,"2019-07-19 03:33:41 -0400","None","---","A Weighting","Z Weighting","Fast","PRM831","RI:FF","Linear","Low","1/1 and 1/3","A Weighting","Bin Max",0.0000,145.4806,50.2232,70.6920,1.3030,-99.9400,61.4353,11.2121,56.1815,5.9584,0.0000,0.0000,0.0000,0.0,39.1,38.5
PR__ABLA.048,"PR__ABLA_048.xlsx","PR__ABLA.048","3827","Model 831","2.301","2020-04-27 23:01:29 -0400","2020-04-27 23:02:37 -0400",66.4,66.4,0.0,"2019-07-19 03:33:41 -0400","None","---","A Weighting","Z Weighting","Fast","PRM831","RI:FF","Linear","Low","1/1 and 1/3","A Weighting","Bin Max",0.0000,145.4806,44.3086,62.5302,0.1990,-99.9400,68.3648,24.0562,50.2071,5.8985,0.0000,0.0000,0.0000,0.0,37.1,36.0
PR__COMW.002,"PR__COMW_002.xlsx","PR__COMW.002","3827","Model 831","2.301","2020-04-26 16:21:09 -0400","2020-04-26 16:21:39 -0400",30.1,30.1,0.0,"2019-07-19 03:33:41 -0400","None","---","A Weighting","Z Weighting","Fast","PRM831","RI:FF","Linear","Low","1/1 and 1/3","A Weighting","Bin Max",0.0000,145.4806,48.3846,63.1703,0.2306,-99.9400,76.9515,28.5669,53.4204,5.0358,0.0000,0.0000,0.0000,0.0,44.0,42.9
PR__COMW.004,"PR__COMW_004.xlsx","PR__COMW.004","3827","Model 831","2.301","2020-04-26 16:50:05 -0400","2020-04-26 16:53:45 -0400",220.2,220.2,0.0,"2019-07-19 03:33:41 -0400","None","---","A Weighting","Z Weighting","Fast","PRM831","RI:FF","Linear","Low","1/1 and 1/3","A Weighting","Bin Max",0.0000,145.4806,53.9481,77.3762,6.0727,-99.9400,59.2868,5.3387,59.1498,5.2018,0.0000,0.0000,0.0000,0.0,42.6,41.8
PR__COMW.006,"PR__COMW_006.xlsx","PR__COMW.006","3827","Model 831","2.301","2020-04-26 17:15:01 -0400","2020-04-26 17:15:29 -0400",28.1,28.1,0.0,"2019-07-19 03:33:41 -0400","None","---","A Weighting","Z Weighting","Fast","PRM831","RI:FF","Linear","Low","1/1 and 1/3","A Weighting","Bin Max",0.0000,145.4806,44.5462,59.0332,0.0889,-99.9400,61.8594,17.3132,46.3950,1.8489,0.0000,0.0000,0.0000,0.0,43.3,42.8
PR__COMW.007,"PR__COMW_007.xlsx","PR__COMW.007","3827","Model 831","2.301","2020-04-26 17:17:11 -0400","2020-04-26 17:19:20 -0400",129.7,129.7,0.0,"2019-07-19 03:33:41 -0400","None","---","A Weighting","Z Weighting","Fast","PRM831","RI:FF","Linear","Low","1/1 and 1/3","A Weighting","Bin Max",0.0000,145.4806,46.1665,67.2959,0.5961,-99.9400,56.9611,10.7946,50.6802,4.5137,0.0000,0.0000,0.0000,0.0,43.1,42.5
PR__COMW.015,"PR__COMW_015.xlsx","PR__COMW.015","3827","Model 831","2.301","2020-04-26 18:33:46 -0400","2020-04-26 18:35:19 -0400",92.3,92.3,0.0,"2019-07-19 03:33:41 -0400","None","---","A Weighting","Z Weighting","Fast","PRM831","RI:FF","Linear","Low","1/1 and 1/3","A Weighting","Bin Max",0.0000,145.4806,47.2728,66.9248,0.5473,-99.9400,60.9036,13.6308,52.4466,5.1738,0.0000,0.0000,0.0000,0.0,42.0,41.1
PR__COMW.018,"PR__COMW_018.xlsx","PR__COMW.018","3827","Model 831","2.301","2020-04-27 23:27:30 -0400","2020-04-27 23:27:46 -0400",16.2,16.2,0.0,"2019-07-19 03:33:41 -0400","None","---","A Weighting","Z Weighting","Fast","PRM831","RI:FF","Linear","Low","1/1 and 1/3","A Weighting","Bin Max",0.0000,145.4806,47.2279,59.3231,0.0951,-99.9400,69.8907,22.6627,51.6256,4.3976,0.0000,0.0000,0.0000,0.0,40.6,40.2
PR__COMW.019,"PR__COMW_019.xlsx","PR__COMW.019","3827","Model 831","2.301","2020-04-27 23:27:56 -0400","2020-04-27 23:29:01 -0400",64.4,64.4,0.0,"2019-07-19 03:33:41 -0400","None","---","A Weighting","Z Weighting","Fast","PRM831","RI:FF","Linear","Low","1/1 and 1/3","A Weighting","Bin Max",0.0000,145.4806,49.3972,67.4861,0.6228,-99.9400,70.6607,21.2635,55.4307,6.0335,0.0000,0.0000,0.0000,0.0,41.9,41.1
PR__COMW.025,"PR__COMW_025.xlsx","PR__COMW.025","3827","Model 831","2.301","2020-04-28 00:19:00 -0400","2020-04-28 00:20:55 -0400",113.4,113.4,0.0,"2019-07-19 03:33:41 -0400","None","---","A Weighting","Z Weighting","Fast","PRM831","RI:FF","Linear","Low","1/1 and 1/3","A Weighting","Bin Max",0.0000,145.4806,45.5906,66.1368,0.4565,-99.9400,63.3441,17.7535,50.4535,4.8628,0.0000,0.0000,0.0000,0.0,38.0,37.1
PR__COMW.028,"PR__COMW_028.xlsx","PR__COMW.028","3827","Model 831","2.301","2020-04-28 00:47:59 -0400","2020-04-28 00:48:21 -0400",21.9,21.9,0.0,"2019-07-19 03:33:41 -0400","None","---","A Weighting","Z Weighting","Fast","PRM831","Off","Linear","Low","1/1 and 1/3","A Weighting","Bin Max",0.0000,145.4806,54.1006,67.5051,0.6256,-99.9400,67.3752,13.2746,59.2408,5.1402,0.0000,0.0000,0.0000,0.0,37.6,36.7
PR__COMW.030,"PR__COMW_030.xlsx","PR__COMW.030","3827","Model 831","2.301","2020-04-28 00:50:07 -0400","2020-04-28 00:50:41 -0400",33.4,33.4,0.0,"2019-07-19 03:33:41 -0400","None","---","A Weighting","Z Weighting","Fast","PRM831","RI:FF","Linear","Low","1/1 and 1/3","A Weighting","Bin Max",0.0000,145.4806,42.7263,57.9637,0.0695,-99.9400,53.4526,10.7263,50.3894,7.6632,0.0000,0.0000,0.0000,0.0,38.0,37.3
PR__COMW.032,"PR__COMW_032.xlsx","PR__COMW.032","3827","Model 831","2.301","2020-04-28 01:00:12 -0400","2020-04-28 01:00:23 -0400",9.9,9.9,0.0,"2019-07-19 03:33:41 -0400","None","---","A Weighting","Z Weighting","Fast","PRM831","RI:FF","Linear","Low","1/1 and 1/3","A Weighting","Bin Max",0.0000,145.4806,48.4966,58.4529,0.0778,-99.9400,69.0720,20.5754,54.2261,5.7296,0.0000,0.0000,0.0000,0.0,42.7,42.1
PR__COMW.040,"PR__COMW_040.xlsx","PR__COMW.040","3827","Model 831","2.301","2020-04-28 01:30:59 -0400","2020-04-28 01:33:14 -0400",133.7,125.5,8.2,"2019-07-19 03:33:41 -0400","None","---","A Weighting","Z Weighting","Fast","PRM831","RI:FF","Linear","Low","1/1 and 1/3","A Weighting","Bin Max",0.0000,145.4806,44.8147,65.8011,0.4225,-99.9400,65.2912,20.4765,49.6510,4.8363,0.0000,0.0000,0.0000,0.0,40.7,39.7
PR__COMW.041,"PR__COMW_041.xlsx","PR__COMW.041","3827","Model 831","2.301","2020-04-28 01:33:49 -0400","2020-04-28 01:34:07 -0400",16.9,16.9,0.0,"2019-07-19 03:33:41 -0400","None","---","A Weighting","Z Weighting","Fast","PRM831","RI:FF","Linear","Low","1/1 and 1/3","A Weighting","Bin Max",0.0000,145.4806,47.1036,59.3825,0.0964,-99.9400,68.9179,21.8143,54.2023,7.0987,0.0000,0.0000,0.0000,0.0,41.3,40.4
PR__COMW.046,"PR__COMW_046.xlsx","PR__COMW.046","3827","Model 831","2.301","2020-04-28 02:46:20 -0400","2020-04-28 02:48:47 -0400",146.9,102.5,44.4,"2019-07-19 03:33:41 -0400","None","---","A Weighting","Z Weighting","Fast","PRM831","RI:FF","Linear","Low","1/1 and 1/3","A Weighting","Bin Max",0.0000,145.4806,51.2830,71.3903,1.5303,-99.9400,73.0529,21.7699,57.2116,5.9286,0.0000,0.0000,0.0000,0.0,48.2,46.3
PR__COMW.047,"PR__COMW_047.xlsx","PR__COMW.047","3827","Model 831","2.301","2020-04-28 02:48:58 -0400","2020-04-28 02:50:12 -0400",74.6,74.6,0.0,"2019-07-19 03:33:41 -0400","None","---","A Weighting","Z Weighting","Fast","PRM831","RI:FF","Linear","Low","1/1 and 1/3","A Weighting","Bin Max",0.0000,145.4806,50.1990,68.9263,0.8677,-99.9400,74.5408,24.3418,54.0423,3.8433,0.0000,0.0000,0.0000,0.0,47.1,45.8
PR__LIMA.006,"PR__LIMA_006.xlsx","PR__LIMA.006","3827","Model 831","2.301","2020-04-27 12:12:45 -0400","2020-04-27 12:13:16 -0400",31.2,31.2,0.0,"2019-07-19 03:33:41 -0400","None","---","A Weighting","Z Weighting","Fast","PRM831","RI:FF","Linear","Low","1/1 and 1/3","A Weighting","Bin Max",0.0000,145.4806,48.3239,63.2655,0.2357,-99.9400,76.1665,27.8426,53.4493,5.1254,0.0000,0.0000,0.0000,0.0,43.3,39.4
PR__LIMA.009,"PR__LIMA_009.xlsx","PR__LIMA.009","3827","Model 831","2.301","2020-04-27 12:46:46 -0400","2020-04-27 12:47:35 -0400",48.6,48.6,0.0,"2019-07-19 03:33:41 -0400","None","---","A Weighting","Z Weighting","Fast","PRM831","RI:FF","Linear","Low","1/1 and 1/3","A Weighting","Bin Max",0.0000,145.4806,48.5948,65.4612,0.3907,-99.9400,72.3121,23.7172,56.5876,7.9928,0.0000,0.0000,0.0000,0.0,37.0,34.9
SF__BE__.006,"SF__BE___006.xlsx","SF__BE__.006","3827","Model 831","2.301","2020-04-21 23:10:12 -0400","2020-04-21 23:11:57 -0400",105.5,105.5,0.0,"2019-07-19 03:33:41 -0400","None","---","A Weighting","Z Weighting","Fast","PRM831","RI:FF","Linear","Low","1/1 and 1/3","A Weighting","Bin Max",0.0000,145.4806,58.8698,79.1023,9.0363,-99.9400,65.4203,6.5505,60.3156,1.4458,0.0000,0.0000,0.0000,0.0,56.2,53.8
SF__BE__.007,"SF__BE___007.xlsx","SF__BE__.007","3827","Model 831","2.301","2020-04-21 23:14:54 -0400","2020-04-21 23:15:29 -0400",36.5,36.5,0.0,"2019-07-19 03:33:41 -0400","None","---","A Weighting","Z Weighting","Fast","PRM831","RI:FF","Linear","Low","1/1 and 1/3","A Weighting","Bin Max",0.0000,145.4806,57.8528,73.4757,2.4736,-99.9400,64.6323,6.7796,61.1771,3.3244,0.0000,0.0000,0.0000,0.0,55.3,50.1
SF__BE__.009,"SF__BE___009.xlsx","SF__BE__.009","3827","Model 831","2.301","2020-04-21 23:22:59 -0400","2020-04-21 23:23:20 -0400",22.0,22.0,0.0,"2019-07-19 03:33:41 -0400","None","---","A Weighting","Z Weighting","Fast","PRM831","RI:FF","Linear","Low","1/1 and 1/3","A Weighting","Bin Max",0.0000,145.4806,61.0165,74.4408,3.0891,-99.9400,67.4135,6.3970,63.9250,2.9084,0.0000,0.0000,0.0000,0.0,58.7,57.1
SF__BE__.012,"SF__BE___012.xlsx","SF__BE__.012","3827","Model 831","2.301","2020-04-21 23:53:24 -0400","2020-04-21 23:54:42 -0400",78.9,72.0,6.9,"2019-07-19 03:33:41 -0400","None","---","A Weighting","Z Weighting","Fast","PRM831","RI:FF","Linear","Low","1/1 and 1/3","A Weighting","Bin Max",0.0000,145.4806,48.0948,66.6681,0.5159,-99.9400,60.4262,12.3314,50.2481,2.1533,0.0000,0.0000,0.0000,0.0,46.5,45.0
SF__BE__.015,"SF__BE___015.xlsx","SF__BE__.015","3827","Model 831","2.301","2020-04-22 00:04:16 -0400","2020-04-22 00:05:49 -0400",91.6,76.8,14.8,"2019-07-19 03:33:41 -0400","None","---","A Weighting","Z Weighting","Fast","PRM831","RI:FF","Linear","Low","1/1 and 1/3","A Weighting","Bin Max",0.0000,145.4806,59.8707,78.7244,8.2831,-99.9400,69.2923,9.4216,61.9333,2.0626,0.0000,0.0000,0.0000,0.0,58.8,58.2
SF__BE__.018,"SF__BE___018.xlsx","SF__BE__.018","3827","Model 831","2.301","2020-04-22 00:23:02 -0400","2020-04-22 00:26:03 -0400",180.6,93.8,86.8,"2019-07-19 03:33:41 -0400","None","---","A Weighting","Z Weighting","Fast","PRM831","RI:FF","Linear","Low","1/1 and 1/3","A Weighting","Bin Max",0.0000,145.4806,50.3059,70.0279,1.1183,-99.9400,57.1064,6.8006,56.5254,6.2195,0.0000,0.0000,0.0000,0.0,43.2,42.1
SF__BE__.019,"SF__BE___019.xlsx","SF__BE__.019","3827","Model 831","2.301","2020-04-22 00:26:28 -0400","2020-04-22 00:26:50 -0400",21.2,21.2,0.0,"2019-07-19 03:33:41 -0400","None","---","A Weighting","Z Weighting","Fast","PRM831","RI:FF","Linear","Low","1/1 and 1/3","A Weighting","Bin Max",0.0000,145.4806,42.9087,56.1720,0.0460,-99.9400,56.9226,14.0140,48.8340,5.9254,0.0000,0.0000,0.0000,0.0,40.8,40.0
SF__BE__.021,"SF__BE___021.xlsx","SF__BE__.021","3827","Model 831","2.301","2020-04-22 00:44:33 -0400","2020-04-22 00:45:01 -0400",29.5,29.5,0.0,"2019-07-19 03:33:41 -0400","None","---","A Weighting","Z Weighting","Fast","PRM831","RI:FF","Linear","Low","1/1 and 1/3","A Weighting","Bin Max",0.0000,145.4806,49.7228,64.4210,0.3075,-99.9400,57.4559,7.7331,50.5978,0.8750,0.0000,0.0000,0.0000,0.0,47.9,43.3
SF__BE__.022,"SF__BE___022.xlsx","SF__BE__.022","3827","Model 831","2.301","2020-04-22 00:45:55 -0400","2020-04-22 00:46:48 -0400",52.0,52.0,0.0,"2019-07-19 03:33:41 -0400","None","---","A Weighting","Z Weighting","Fast","PRM831","RI:FF","Linear","Low","1/1 and 1/3","A Weighting","Bin Max",0.0000,145.4806,49.3180,66.4781,0.4938,-99.9400,58.3903,9.0723,54.5027,5.1847,0.0000,0.0000,0.0000,0.0,44.1,40.8
SF__BE__.025,"SF__BE___025.xlsx","SF__BE__.025","3827","Model 831","2.301","2020-04-22 00:59:51 -0400","2020-04-22 01:00:24 -0400",34.0,34.0,0.0,"2019-07-19 03:33:41 -0400","None","---","A Weighting","Z Weighting","Fast","PRM831","RI:FF","Linear","Low","1/1 and 1/3","A Weighting","Bin Max",0.0000,145.4806,42.3495,57.6643,0.0649,-99.9400,56.8611,14.5115,48.4947,6.1452,0.0000,0.0000,0.0000,0.0,35.4,33.9
SF__BE__.026,"SF__BE___026.xlsx","SF__BE__.026","3827","Model 831","2.301","2020-04-22 01:02:03 -0400","2020-04-22 01:03:37 -0400",95.5,91.0,4.5,"2019-07-19 03:33:41 -0400","None","---","A Weighting","Z Weighting","Fast","PRM831","RI:FF","Linear","Low","1/1 and 1/3","A Weighting","Bin Max",0.0000,145.4806,50.7396,70.3300,1.1988,-99.9400,57.7467,7.0071,56.3157,5.5762,0.0000,0.0000,0.0000,0.0,41.5,39.6
SF__BE__.027,"SF__BE___027.xlsx","SF__BE__.027","3827","Model 831","2.301","2020-04-22 01:03:58 -0400","2020-04-22 01:04:50 -0400",53.2,53.2,0.0,"2019-07-19 03:33:41 -0400","None","---","A Weighting","Z Weighting","Fast","PRM831","RI:FF","Linear","Low","1/1 and 1/3","A Weighting","Bin Max",0.0000,145.4806,51.7544,69.0135,0.8853,-99.9400,56.3907,4.6363,58.6307,6.8764,0.0000,0.0000,0.0000,0.0,38.8,37.0
SF__BE__.030,"SF__BE___030.xlsx","SF__BE__.030","3827","Model 831","2.301","2020-04-22 01:15:38 -0400","2020-04-22 01:17:18 -0400",99.7,99.7,0.0,"2019-07-19 03:33:41 -0400","None","---","A Weighting","Z Weighting","Fast","PRM831","RI:FF","Linear","Low","1/1 and 1/3","A Weighting","Bin Max",0.0000,145.4806,40.7562,60.7432,0.1318,-99.9400,55.1039,14.3476,47.6861,6.9298,0.0000,0.0000,0.0000,0.0,36.1,35.3
SF__BE__.032,"SF__BE___032.xlsx","SF__BE__.032","3827","Model 831","2.301","2020-04-22 01:33:02 -0400","2020-04-22 01:34:04 -0400",61.7,61.7,0.0,"2019-07-19 03:33:41 -0400","None","---","A Weighting","Z Weighting","Fast","PRM831","RI:FF","Linear","Low","1/1 and 1/3","A Weighting","Bin Max",0.0000,145.4806,42.4640,60.3669,0.1209,-99.9400,53.5419,11.0779,47.2099,4.7459,0.0000,0.0000,0.0000,0.0,36.1,35.3
SF__BE__.035,"SF__BE___035.xlsx","SF__BE__.035","3827","Model 831","2.301","2020-04-22 01:48:51 -0400","2020-04-22 01:49:43 -0400",52.8,52.8,0.0,"2019-07-19 03:33:41 -0400","None","---","A Weighting","Z Weighting","Fast","PRM831","RI:FF","Linear","Low","1/1 and 1/3","A Weighting","Bin Max",0.0000,145.4806,46.2594,63.4858,0.2479,-99.9400,54.5837,8.3243,49.9606,3.7012,0.0000,0.0000,0.0000,0.0,40.4,38.4
SF__BE__.039,"SF__BE___039.xlsx","SF__BE__.039","3827","Model 831","2.301","2020-04-22 02:15:37 -0400","2020-04-22 02:16:29 -0400",51.2,51.2,0.0,"2019-07-19 03:33:41 -0400","None","---","A Weighting","Z Weighting","Fast","PRM831","RI:FF","Linear","Low","1/1 and 1/3","A Weighting","Bin Max",0.0000,145.4806,46.7236,63.8163,0.2675,-99.9400,59.7706,13.0470,51.7185,4.9949,0.0000,0.0000,0.0000,0.0,37.5,35.7
SF__BE__.044,"SF__BE___044.xlsx","SF__BE__.044","3827","Model 831","2.301","2020-04-22 02:46:17 -0400","2020-04-22 02:47:10 -0400",53.1,53.1,0.0,"2019-07-19 03:33:41 -0400","None","---","A Weighting","Z Weighting","Fast","PRM831","RI:FF","Linear","Low","1/1 and 1/3","A Weighting","Bin Max",0.0000,145.4806,52.1458,69.3967,0.9670,-99.9400,58.6960,6.5502,58.0271,5.8813,0.0000,0.0000,0.0000,0.0,44.6,38.8
SF__BE__.050,"SF__BE___050.xlsx","SF__BE__.050","3827","Model 831","2.301","2020-04-22 03:36:09 -0400","2020-04-22 03:37:03 -0400",53.8,53.8,0.0,"2019-07-19 03:33:41 -0400","None","---","A Weighting","Z Weighting","Fast","PRM831","RI:FF","Linear","Low","1/1 and 1/3","A Weighting","Bin Max",0.0000,145.4806,55.0083,72.3161,1.8939,-99.9400,60.0639,5.0556,59.7823,4.7740,0.0000,0.0000,0.0000,0.0,46.3,41.2
SF__BE__.051,"SF__BE___051.xlsx","SF__BE__.051","3827","Model 831","2.301","2020-04-22 03:37:10 -0400","2020-04-22 03:37:34 -0400",24.2,24.2,0.0,"2019-07-19 03:33:41 -0400","None","---","A Weighting","Z Weighting","Fast","PRM831","RI:FF","Linear","Low","1/1 and 1/3","A Weighting","Bin Max",0.0000,145.4806,54.4645,68.3027,0.7517,-99.9400,57.3696,2.9051,59.3753,4.9108,0.0000,0.0000,0.0000,0.0,46.6,42.7
SF__BE__.055,"SF__BE___055.xlsx","SF__BE__.055","3827","Model 831","2.301","2020-04-22 04:02:07 -0400","2020-04-22 04:02:18 -0400",10.7,10.7,0.0,"2019-07-19 03:33:41 -0400","None","---","A Weighting","Z Weighting","Fast","PRM831","RI:FF","Linear","Low","1/1 and 1/3","A Weighting","Bin Max",0.0000,145.4806,47.9325,58.2263,0.0739,-99.9400,57.0478,9.1153,54.8077,6.8753,0.0000,0.0000,0.0000,0.0,42.2,41.3
SF__BE__.056,"SF__BE___056.xlsx","SF__BE__.056","3827","Model 831","2.301","2020-04-22 04:02:42 -0400","2020-04-22 04:03:02 -0400",21.7,21.7,0.0,"2019-07-19 03:33:41 -0400","None","---","A Weighting","Z Weighting","Fast","PRM831","RI:FF","Linear","Low","1/1 and 1/3","A Weighting","Bin Max",0.0000,145.4806,60.2671,73.6317,2.5640,-99.9400,63.7974,3.5303,69.0014,8.7343,0.0000,0.0000,0.0000,0.0,39.9,37.3
SF__BE__.059,"SF__BE___059.xlsx","SF__BE__.059","3827","Model 831","2.301","2020-04-22 04:31:34 -0400","2020-04-22 04:32:28 -0400",54.1,54.1,0.0,"2019-07-19 03:33:41 -0400","None","---","A Weighting","Z Weighting","Fast","PRM831","RI:FF","Linear","Low","1/1 and 1/3","A Weighting","Bin Max",0.0000,145.4806,61.6250,78.9570,8.7389,-99.9400,67.6396,6.0146,64.7450,3.1200,0.0000,0.0000,0.0000,0.0,59.8,58.0
SF__BE__.061,"SF__BE___061.xlsx","SF__BE__.061","3827","Model 831","2.301","2020-04-22 04:46:56 -0400","2020-04-22 04:47:54 -0400",58.7,58.7,0.0,"2019-07-19 03:33:41 -0400","None","---","A Weighting","Z Weighting","Fast","PRM831","RI:FF","Linear","Low","1/1 and 1/3","A Weighting","Bin Max",0.0000,145.4806,59.8392,77.5256,6.2852,-99.9400,63.8060,3.9667,66.8870,7.0478,0.0000,0.0000,0.0000,0.0,45.9,44.2
SF__BE__.065,"SF__BE___065.xlsx","SF__BE__.065","3827","Model 831","2.301","2020-04-22 05:09:26 -0400","2020-04-22 05:10:38 -0400",70.8,70.8,0.0,"2019-07-19 03:33:41 -0400","None","---","A Weighting","Z Weighting","Fast","PRM831","RI:FF","Linear","Low","1/1 and 1/3","A Weighting","Bin Max",0.0000,145.4806,58.9030,77.4033,6.1107,-99.9400,63.1974,4.2944,65.0917,6.1887,0.0000,0.0000,0.0000,0.0,53.0,52.2
SF__BE__.068,"SF__BE___068.xlsx","SF__BE__.068","3827","Model 831","2.301","2020-04-22 05:25:26 -0400","2020-04-22 05:26:02 -0400",37.1,37.1,0.0,"2019-07-19 03:33:41 -0400","None","---","A Weighting","Z Weighting","Fast","PRM831","RI:FF","Linear","Low","1/1 and 1/3","A Weighting","Bin Max",0.0000,145.4806,57.2522,72.9459,2.1895,-99.9400,61.5958,4.3436,64.3491,7.0969,0.0000,0.0000,0.0000,0.0,47.0,46.3
SF__BE__.070,"SF__BE___070.xlsx","SF__BE__.070","3827","Model 831","2.301","2020-04-22 05:42:47 -0400","2020-04-22 05:43:49 -0400",61.5,61.5,0.0,"2019-07-19 03:33:41 -0400","None","---","A Weighting","Z Weighting","Fast","PRM831","RI:FF","Linear","Low","1/1 and 1/3","A Weighting","Bin Max",0.0000,145.4806,59.1866,77.0754,5.6663,-99.9400,65.2683,6.0817,64.7085,5.5219,0.0000,0.0000,0.0000,0.0,51.9,51.0
SF__BE__.072,"SF__BE___072.xlsx","SF__BE__.072","3827","Model 831","2.301","2020-04-22 05:44:33 -0400","2020-04-22 05:45:04 -0400",30.8,30.8,0.0,"2019-07-19 03:33:41 -0400","None","---","A Weighting","Z Weighting","Fast","PRM831","RI:FF","Linear","Low","1/1 and 1/3","A Weighting","Bin Max",0.0000,145.4806,61.8994,76.7849,5.2996,-99.9400,65.9119,4.0125,67.9779,6.0785,0.0000,0.0000,0.0000,0.0,52.8,51.8
SF__BE__.073,"SF__BE___073.xlsx","SF__BE__.073","3827","Model 831","2.301","2020-04-22 05:45:52 -0400","2020-04-22 05:46:36 -0400",44.4,44.4,0.0,"2019-07-19 03:33:41 -0400","None","---","A Weighting","Z Weighting","Fast","PRM831","RI:FF","Linear","Low","1/1 and 1/3","A Weighting","Bin Max",0.0000,145.4806,66.4055,82.8793,21.5618,-99.9400,68.0107,1.6052,72.7177,6.3123,0.0000,0.0000,0.0000,0.0,53.8,52.8
SF__BE__.074,"SF__BE___074.xlsx","SF__BE__.074","3827","Model 831","2.301","2020-04-22 05:51:10 -0400","2020-04-22 05:51:26 -0400",16.7,16.7,0.0,"2019-07-19 03:33:41 -0400","None","---","A Weighting","Z Weighting","Fast","PRM831","RI:FF","Linear","Low","1/1 and 1/3","A Weighting","Bin Max",0.0000,145.4806,64.5255,76.7526,5.2604,-99.9400,67.2949,2.7694,70.7797,6.2542,0.0000,0.0000,0.0000,0.0,54.7,54.0
SF__BE__.080,"SF__BE___080.xlsx","SF__BE__.080","3827","Model 831","2.301","2020-04-23 03:52:30 -0400","2020-04-23 03:53:24 -0400",54.1,54.1,0.0,"2019-07-19 03:33:41 -0400","None","---","A Weighting","Z Weighting","Fast","PRM831","RI:FF","Linear","Low","1/1 and 1/3","A Weighting","Bin Max",0.0000,145.4806,62.0161,79.3481,9.5623,-99.9400,63.0360,1.0199,69.6151,7.5990,0.0000,0.0000,0.0000,0.0,47.4,46.8
SF__BE__.083,"SF__BE___083.xlsx","SF__BE__.083","3827","Model 831","2.301","2020-04-23 04:07:26 -0400","2020-04-23 04:07:47 -0400",21.7,21.7,0.0,"2019-07-19 03:33:41 -0400","None","---","A Weighting","Z Weighting","Fast","PRM831","RI:FF","Linear","Low","1/1 and 1/3","A Weighting","Bin Max",0.0000,145.4806,53.3835,66.7481,0.5255,-99.9400,58.8114,5.4278,60.6606,7.2771,0.0000,0.0000,0.0000,0.0,44.8,42.8
SF__BE__.087,"SF__BE___087.xlsx","SF__BE__.087","3827","Model 831","2.301","2020-04-23 05:02:01 -0400","2020-04-23 05:02:46 -0400",45.7,45.7,0.0,"2019-07-19 03:33:41 -0400","None","---","A Weighting","Z Weighting","Fast","PRM831","RI:FF","Linear","Low","1/1 and 1/3","A Weighting","Bin Max",0.0000,145.4806,60.3031,76.9023,5.4449,-99.9400,69.7270,9.4239,62.8944,2.5913,0.0000,0.0000,0.0000,0.0,54.5,51.7
SF__BE__.091,"SF__BE___091.xlsx","SF__BE__.091","3827","Model 831","2.301","2020-04-23 05:39:28 -0400","2020-04-23 05:39:47 -0400",19.1,19.1,0.0,"2019-07-19 03:33:41 -0400","None","---","A Weighting","Z Weighting","Fast","PRM831","RI:FF","Linear","Low","1/1 and 1/3","A Weighting","Bin Max",0.0000,145.4806,55.9717,68.7820,0.8394,-99.9400,58.4143,2.4426,62.0997,6.1280,0.0000,0.0000,0.0000,0.0,47.3,46.1
SF__BE__.092,"SF__BE___092.xlsx","SF__BE__.092","3827","Model 831","2.301","2020-04-23 05:40:28 -0400","2020-04-23 05:41:27 -0400",58.5,40.5,18.0,"2019-07-19 03:33:41 -0400","None","---","A Weighting","Z Weighting","Fast","PRM831","RI:FF","Linear","Low","1/1 and 1/3","A Weighting","Bin Max",0.0000,145.4806,50.9725,67.0470,0.5629,-99.9400,57.7529,6.7805,54.3420,3.3695,0.0000,0.0000,0.0000,0.0,47.5,46.2
SF__BE__.100,"SF__BE___100.xlsx","SF__BE__.100","3827","Model 831","2.301","2020-04-23 07:04:30 -0400","2020-04-23 07:05:23 -0400",52.1,52.1,0.0,"2019-07-19 03:33:41 -0400","None","---","A Weighting","Z Weighting","Fast","PRM831","RI:FF","Linear","Low","1/1 and 1/3","A Weighting","Bin Max",0.0000,145.4806,48.8197,65.9881,0.4411,-99.9400,54.9636,6.1439,56.0223,7.2026,0.0000,0.0000,0.0000,0.0,39.3,38.2
SF__LD__.005,"SF__LD___005.xlsx","SF__LD__.005","3827","Model 831","2.301","2020-04-23 08:34:25 -0400","2020-04-23 08:34:49 -0400",24.7,24.7,0.0,"2019-07-19 03:33:41 -0400","None","---","A Weighting","Z Weighting","Fast","PRM831","RI:FF","Linear","Low","1/1 and 1/3","A Weighting","Bin Max",0.0000,145.4806,53.2974,67.2244,0.5864,-99.9400,55.1961,1.8986,60.0596,6.7621,0.0000,0.0000,0.0000,0.0,39.2,36.9
SF__LD__.008,"SF__LD___008.xlsx","SF__LD__.008","3827","Model 831","2.301","2020-04-23 08:54:53 -0400","2020-04-23 08:56:46 -0400",113.2,113.2,0.0,"2019-07-19 03:33:41 -0400","None","---","A Weighting","Z Weighting","Fast","PRM831","RI:FF","Linear","Low","1/1 and 1/3","A Weighting","Bin Max",0.0000,145.4806,42.4348,62.9733,0.2203,-99.9400,53.3088,10.8740,48.2543,5.8195,0.0000,0.0000,0.0000,0.0,33.5,31.9
SF__LD__.010,"SF__LD___010.xlsx","SF__LD__.010","3827","Model 831","2.301","2020-04-23 09:22:38 -0400","2020-04-23 09:23:07 -0400",30.1,30.1,0.0,"2019-07-19 03:33:41 -0400","None","---","A Weighting","Z Weighting","Fast","PRM831","RI:FF","Linear","Low","1/1 and 1/3","A Weighting","Bin Max",0.0000,145.4806,44.4163,59.2019,0.0925,-99.9400,60.9062,16.4899,52.6109,8.1947,0.0000,0.0000,0.0000,0.0,32.6,31.7
SF__LD__.012,"SF__LD___012.xlsx","SF__LD__.012","3827","Model 831","2.301","2020-04-23 09:41:37 -0400","2020-04-23 09:41:56 -0400",18.2,18.2,0.0,"2019-07-19 03:33:41 -0400","None","---","A Weighting","Z Weighting","Fast","PRM831","RI:FF","Linear","Low","1/1 and 1/3","A Weighting","Bin Max",0.0000,145.4806,37.2115,49.8122,0.0106,-99.9400,46.8582,9.6468,43.5603,6.3489,0.0000,0.0000,0.0000,0.0,28.7,27.5
SF__LD__.016,"SF__LD___016.xlsx","SF__LD__.016","3827","Model 831","2.301","2020-04-23 10:09:51 -0400","2020-04-23 10:10:25 -0400",32.6,32.6,0.0,"2019-07-19 03:33:41 -0400","None","---","A Weighting","Z Weighting","Fast","PRM831","RI:FF","Linear","Low","1/1 and 1/3","A Weighting","Bin Max",0.0000,145.4806,49.2468,64.3790,0.3045,-99.9400,51.6508,2.4040,57.0277,7.7808,0.0000,0.0000,0.0000,0.0,35.6,34.4
SF__LD__.017,"SF__LD___017.xlsx","SF__LD__.017","3827","Model 831","2.301","2020-04-23 10:10:32 -0400","2020-04-23 10:10:52 -0400",21.2,21.2,0.0,"2019-07-19 03:33:41 -0400","None","---","A Weighting","Z Weighting","Fast","PRM831","RI:FF","Linear","Low","1/1 and 1/3","A Weighting","Bin Max",0.0000,145.4806,48.4800,61.7433,0.1660,-99.9400,53.3474,4.8674,55.9201,7.4401,0.0000,0.0000,0.0000,0.0,36.8,34.5
SF__LD__.018,"SF__LD___018.xlsx","SF__LD__.018","3827","Model 831","2.301","2020-04-23 10:11:07 -0400","2020-04-23 10:12:33 -0400",86.9,86.9,0.0,"2019-07-19 03:33:41 -0400","None","---","A Weighting","Z Weighting","Fast","PRM831","RI:FF","Linear","Low","1/1 and 1/3","A Weighting","Bin Max",0.0000,145.4806,55.1804,74.5706,3.1828,-99.9400,55.5149,0.3346,62.9324,7.7521,0.0000,0.0000,0.0000,0.0,36.5,35.2
SF__LD__.020,"SF__LD___020.xlsx","SF__LD__.020","3827","Model 831","2.301","2020-04-23 10:30:12 -0400","2020-04-23 10:30:32 -0400",20.2,20.2,0.0,"2019-07-19 03:33:41 -0400","None","---","A Weighting","Z Weighting","Fast","PRM831","RI:FF","Linear","Low","1/1 and 1/3","A Weighting","Bin Max",0.0000,145.4806,50.6583,63.7119,0.2612,-99.9400,57.0625,6.4042,56.1636,5.5053,0.0000,0.0000,0.0000,0.0,39.4,35.4
SF__LD__.021,"SF__LD___021.xlsx","SF__LD__.021","3827","Model 831","2.301","2020-04-23 10:30:48 -0400","2020-04-23 10:31:07 -0400",19.1,19.1,0.0,"2019-07-19 03:33:41 -0400","None","---","A Weighting","Z Weighting","Fast","PRM831","RI:FF","Linear","Low","1/1 and 1/3","A Weighting","Bin Max",0.0000,145.4806,49.7700,62.5804,0.2013,-99.9400,55.6436,5.8736,56.9834,7.2133,0.0000,0.0000,0.0000,0.0,35.9,34.8
SF__LD__.024,"SF__LD___024.xlsx","SF__LD__.024","3827","Model 831","2.301","2020-04-23 10:52:23 -0400","2020-04-23 10:52:43 -0400",19.2,19.2,0.0,"2019-07-19 03:33:41 -0400","None","---","A Weighting","Z Weighting","Fast","PRM831","RI:FF","Linear","Low","1/1 and 1/3","A Weighting","Bin Max",0.0000,145.4806,52.2308,65.0638,0.3566,-99.9400,62.7569,10.5261,55.2219,2.9911,0.0000,0.0000,0.0000,0.0,50.5,49.8
SF__LD__.025,"SF__LD___025.xlsx","SF__LD__.025","3827","Model 831","2.301","2020-04-23 10:52:57 -0400","2020-04-23 10:53:15 -0400",19.0,19.0,0.0,"2019-07-19 03:33:41 -0400","None","---","A Weighting","Z Weighting","Fast","PRM831","RI:FF","Linear","Low","1/1 and 1/3","A Weighting","Bin Max",0.0000,145.4806,51.0232,63.8107,0.2672,-99.9400,61.6465,10.6234,55.7789,4.7558,0.0000,0.0000,0.0000,0.0,47.6,46.8
SF__LD__.029,"SF__LD___029.xlsx","SF__LD__.029","3827","Model 831","2.301","2020-04-23 11:30:40 -0400","2020-04-23 11:31:02 -0400",20.5,20.5,0.0,"2019-07-19 03:33:41 -0400","None","---","A Weighting","Z Weighting","Fast","PRM831","RI:FF","Linear","Low","1/1 and 1/3","A Weighting","Bin Max",0.0000,145.4806,45.3732,58.4907,0.0785,-99.9400,60.7646,15.3914,51.8796,6.5065,0.0000,0.0000,0.0000,0.0,36.5,35.7
SF__LD__.030,"SF__LD___030.xlsx","SF__LD__.030","3827","Model 831","2.301","2020-04-23 11:32:49 -0400","2020-04-23 11:33:17 -0400",28.3,28.3,0.0,"2019-07-19 03:33:41 -0400","None","---","A Weighting","Z Weighting","Fast","PRM831","RI:FF","Linear","Low","1/1 and 1/3","A Weighting","Bin Max",0.0000,145.4806,46.9226,61.4404,0.1548,-99.9400,53.1264,6.2038,53.2571,6.3345,0.0000,0.0000,0.0000,0.0,36.0,35.3
SF__LD__.031,"SF__LD___031.xlsx","SF__LD__.031","3827","Model 831","2.301","2020-04-23 11:33:25 -0400","2020-04-23 11:33:49 -0400",25.8,25.8,0.0,"2019-07-19 03:33:41 -0400","None","---","A Weighting","Z Weighting","Fast","PRM831","RI:FF","Linear","Low","1/1 and 1/3","A Weighting","Bin Max",0.0000,145.4806,47.7563,61.8725,0.1710,-99.9400,64.0954,16.3391,54.0617,6.3054,0.0000,0.0000,0.0000,0.0,36.4,35.9
SF__LD__.033,"SF__LD___033.xlsx","SF__LD__.033","3827","Model 831","2.301","2020-04-23 11:44:51 -0400","2020-04-23 11:45:07 -0400",15.1,15.1,0.0,"2019-07-19 03:33:41 -0400","None","---","A Weighting","Z Weighting","Fast","PRM831","RI:FF","Linear","Low","1/1 and 1/3","A Weighting","Bin Max",0.0000,145.4806,45.7050,57.4948,0.0624,-99.9400,53.2762,7.5712,51.8499,6.1449,0.0000,0.0000,0.0000,0.0,39.0,38.1
SF__LM__.005,"SF__LM___005.xlsx","SF__LM__.005","3827","Model 831","2.301","2020-04-21 22:18:58 -0400","2020-04-21 22:19:10 -0400",13.2,13.2,0.0,"2019-07-19 03:33:41 -0400","None","---","A Weighting","Z Weighting","Fast","PRM831","RI:FF","Linear","Low","1/1 and 1/3","A Weighting","Bin Max",0.0000,145.4806,47.9650,59.1707,0.0918,-99.9400,56.8485,8.8835,53.1865,5.2215,0.0000,0.0000,0.0000,0.0,37.5,36.8
SF__LM__.007,"SF__LM___007.xlsx","SF__LM__.007","3827","Model 831","2.301","2020-04-21 22:25:16 -0400","2020-04-21 22:27:27 -0400",130.6,130.6,0.0,"2019-07-19 03:33:41 -0400","None","---","A Weighting","Z Weighting","Fast","PRM831","RI:FF","Linear","Low","1/1 and 1/3","A Weighting","Bin Max",0.0000,145.4806,45.4772,66.6366,0.5122,-99.9400,55.4714,9.9942,50.4515,4.9743,0.0000,0.0000,0.0000,0.0,37.8,36.9
SF__LM__.011,"SF__LM___011.xlsx","SF__LM__.011","3827","Model 831","2.301","2020-04-24 00:40:12 -0400","2020-04-24 00:40:32 -0400",20.2,20.2,0.0,"2019-07-19 03:33:41 -0400","None","---","A Weighting","Z Weighting","Fast","PRM831","RI:FF","Linear","Low","1/1 and 1/3","A Weighting","Bin Max",0.0000,145.4806,48.1317,61.1852,0.1460,-99.9400,56.2822,8.1505,53.1088,4.9771,0.0000,0.0000,0.0000,0.0,42.6,41.6
SF__LM__.017,"SF__LM___017.xlsx","SF__LM__.017","3827","Model 831","2.301","2020-04-24 01:01:14 -0400","2020-04-24 01:01:30 -0400",16.8,16.8,0.0,"2019-07-19 03:33:41 -0400","None","---","A Weighting","Z Weighting","Fast","PRM831","RI:FF","Linear","Low","1/1 and 1/3","A Weighting","Bin Max",0.0000,145.4806,49.3409,61.5939,0.1604,-99.9400,56.0318,6.6910,54.0387,4.6978,0.0000,0.0000,0.0000,0.0,42.3,41.8
SF__LM__.019,"SF__LM___019.xlsx","SF__LM__.019","3827","Model 831","2.301","2020-04-24 01:15:41 -0400","2020-04-24 01:17:06 -0400",86.1,86.1,0.0,"2019-07-19 03:33:41 -0400","None","---","A Weighting","Z Weighting","Fast","PRM831","RI:FF","Linear","Low","1/1 and 1/3","A Weighting","Bin Max",0.0000,145.4806,53.6663,73.0163,2.2253,-99.9400,60.4869,6.8207,57.0218,3.3555,0.0000,0.0000,0.0000,0.0,51.0,50.6
SF__LM__.021,"SF__LM___021.xlsx","SF__LM__.021","3827","Model 831","2.301","2020-04-24 01:32:52 -0400","2020-04-24 01:33:25 -0400",32.4,32.4,0.0,"2019-07-19 03:33:41 -0400","None","---","A Weighting","Z Weighting","Fast","PRM831","RI:FF","Linear","Low","1/1 and 1/3","A Weighting","Bin Max",0.0000,145.4806,44.6008,59.7062,0.1038,-99.9400,52.2568,7.6560,50.5956,5.9948,0.0000,0.0000,0.0000,0.0,39.2,38.7
SF__LM__.025,"SF__LM___025.xlsx","SF__LM__.025","3827","Model 831","2.301","2020-04-24 02:09:52 -0400","2020-04-24 02:11:03 -0400",71.7,71.7,0.0,"2019-07-19 03:33:41 -0400","None","---","A Weighting","Z Weighting","Fast","PRM831","RI:FF","Linear","Low","1/1 and 1/3","A Weighting","Bin Max",0.0000,145.4806,52.9788,71.5340,1.5818,-99.9400,59.3269,6.3482,57.4189,4.4402,0.0000,0.0000,0.0000,0.0,45.3,41.5
SF__LM__.027,"SF__LM___027.xlsx","SF__LM__.027","3827","Model 831","2.301","2020-04-24 02:23:16 -0400","2020-04-24 02:25:22 -0400",126.5,126.5,0.0,"2019-07-19 03:33:41 -0400","None","---","A Weighting","Z Weighting","Fast","PRM831","RI:FF","Linear","Low","1/1 and 1/3","A Weighting","Bin Max",0.0000,145.4806,54.9141,75.9350,4.3577,-99.9400,57.8528,2.9388,60.8368,5.9228,0.0000,0.0000,0.0000,0.0,42.3,40.8
SF__LM__.032,"SF__LM___032.xlsx","SF__LM__.032","3827","Model 831","2.301","2020-04-24 03:08:15 -0400","2020-04-24 03:09:01 -0400",45.4,45.4,0.0,"2019-07-19 03:33:41 -0400","None","---","A Weighting","Z Weighting","Fast","PRM831","RI:FF","Linear","Low","1/1 and 1/3","A Weighting","Bin Max",0.0000,145.4806,49.6784,66.2490,0.4684,-99.9400,54.5304,4.8520,56.1640,6.4855,0.0000,0.0000,0.0000,0.0,40.9,40.0
SF__LM__.033,"SF__LM___033.xlsx","SF__LM__.033","3827","Model 831","2.301","2020-04-24 03:09:43 -0400","2020-04-24 03:10:19 -0400",37.5,37.5,0.0,"2019-07-19 03:33:41 -0400","None","---","A Weighting","Z Weighting","Fast","PRM831","RI:FF","Linear","Low","1/1 and 1/3","A Weighting","Bin Max",0.0000,145.4806,47.1852,62.9255,0.2179,-99.9400,53.9224,6.7372,53.2672,6.0820,0.0000,0.0000,0.0000,0.0,40.5,39.6
SF__LM__.035,"SF__LM___035.xlsx","SF__LM__.035","3827","Model 831","2.301","2020-04-24 03:28:57 -0400","2020-04-24 03:31:31 -0400",152.7,152.7,0.0,"2019-07-19 03:33:41 -0400","None","---","A Weighting","Z Weighting","Fast","PRM831","RI:FF","Linear","Low","1/1 and 1/3","A Weighting","Bin Max",0.0000,145.4806,44.8516,66.6900,0.5185,-99.9400,53.8609,9.0093,51.4056,6.5540,0.0000,0.0000,0.0000,0.0,37.9,37.0
SF__LM__.038,"SF__LM___038.xlsx","SF__LM__.038","3827","Model 831","2.301","2020-04-24 03:47:20 -0400","2020-04-24 03:47:39 -0400",18.6,18.6,0.0,"2019-07-19 03:33:41 -0400","None","---","A Weighting","Z Weighting","Fast","PRM831","RI:FF","Linear","Low","1/1 and 1/3","A Weighting","Bin Max",0.0000,145.4806,50.0931,62.7882,0.2111,-99.9400,54.5028,4.4098,54.8406,4.7476,0.0000,0.0000,0.0000,0.0,39.8,38.7
SF__LM__.039,"SF__LM___039.xlsx","SF__LM__.039","3827","Model 831","2.301","2020-04-24 03:47:54 -0400","2020-04-24 03:50:02 -0400",129.5,129.5,0.0,"2019-07-19 03:33:41 -0400","None","---","A Weighting","Z Weighting","Fast","PRM831","RI:FF","Linear","Low","1/1 and 1/3","A Weighting","Bin Max",0.0000,145.4806,51.5369,72.6596,2.0498,-99.9400,56.4737,4.9367,57.6012,6.0643,0.0000,0.0000,0.0000,0.0,40.9,39.2
SF__LM__.040,"SF__LM___040.xlsx","SF__LM__.040","3827","Model 831","2.301","2020-04-24 03:51:12 -0400","2020-04-24 03:52:03 -0400",51.5,51.5,0.0,"2019-07-19 03:33:41 -0400","None","---","A Weighting","Z Weighting","Fast","PRM831","RI:FF","Linear","Low","1/1 and 1/3","A Weighting","Bin Max",0.0000,145.4806,51.1327,68.2508,0.7427,-99.9400,55.1386,4.0058,56.5427,5.4099,0.0000,0.0000,0.0000,0.0,40.6,38.9
SF__LM__.042,"SF__LM___042.xlsx","SF__LM__.042","3827","Model 831","2.301","2020-04-24 04:06:52 -0400","2020-04-24 04:09:16 -0400",144.1,144.1,0.0,"2019-07-19 03:33:41 -0400","None","---","A Weighting","Z Weighting","Fast","PRM831","RI:FF","Linear","Low","1/1 and 1/3","A Weighting","Bin Max",0.0000,145.4806,52.2376,73.8243,2.6803,-99.9400,61.7551,9.5174,56.8099,4.5722,0.0000,0.0000,0.0000,0.0,47.0,45.6
SF__LM__.051,"SF__LM___051.xlsx","SF__LM__.051","3827","Model 831","2.301","2020-04-24 05:02:09 -0400","2020-04-24 05:05:03 -0400",173.5,173.5,0.0,"2019-07-19 03:33:41 -0400","None","---","A Weighting","Z Weighting","Fast","PRM831","RI:FF","Linear","Low","1/1 and 1/3","A Weighting","Bin Max",0.0000,145.4806,59.5590,81.9520,17.4165,-99.9400,64.3460,4.7870,62.9862,3.4271,0.0000,0.0000,0.0000,0.0,48.8,42.1
SF__LM__.053,"SF__LM___053.xlsx","SF__LM__.053","3827","Model 831","2.301","2020-04-24 05:17:25 -0400","2020-04-24 05:19:01 -0400",96.6,96.6,0.0,"2019-07-19 03:33:41 -0400","None","---","A Weighting","Z Weighting","Fast","PRM831","RI:FF","Linear","Low","1/1 and 1/3","A Weighting","Bin Max",0.0000,145.4806,57.7215,77.5712,6.3516,-99.9400,63.8099,6.0885,59.1947,1.4733,0.0000,0.0000,0.0000,0.0,51.1,47.0
SF__LM__.055,"SF__LM___055.xlsx","SF__LM__.055","3827","Model 831","2.301","2020-04-24 05:31:12 -0400","2020-04-24 05:31:24 -0400",11.8,11.8,0.0,"2019-07-19 03:33:41 -0400","None","---","A Weighting","Z Weighting","Fast","PRM831","RI:FF","Linear","Low","1/1 and 1/3","A Weighting","Bin Max",0.0000,145.4806,56.4537,67.1725,0.5794,-99.9400,65.7531,9.2993,59.2450,2.7913,0.0000,0.0000,0.0000,0.0,54.4,52.7
SF__LM__.056,"SF__LM___056.xlsx","SF__LM__.056","3827","Model 831","2.301","2020-04-24 05:31:40 -0400","2020-04-24 05:33:24 -0400",104.4,104.4,0.0,"2019-07-19 03:33:41 -0400","None","---","A Weighting","Z Weighting","Fast","PRM831","RI:FF","Linear","Low","1/1 and 1/3","A Weighting","Bin Max",0.0000,145.4806,57.2884,77.4754,6.2130,-99.9400,68.2092,10.9208,61.3359,4.0475,0.0000,0.0000,0.0000,0.0,49.1,45.0
SF__LM__.057,"SF__LM___057.xlsx","SF__LM__.057","3827","Model 831","2.301","2020-04-24 05:34:27 -0400","2020-04-24 05:35:10 -0400",43.6,43.6,0.0,"2019-07-19 03:33:41 -0400","None","---","A Weighting","Z Weighting","Fast","PRM831","RI:FF","Linear","Low","1/1 and 1/3","A Weighting","Bin Max",0.0000,145.4806,56.8266,73.2215,2.3330,-99.9400,60.0229,3.1963,62.4507,5.6241,0.0000,0.0000,0.0000,0.0,49.6,44.5
SF__LM__.061,"SF__LM___061.xlsx","SF__LM__.061","3827","Model 831","2.301","2020-04-24 05:58:10 -0400","2020-04-24 05:59:00 -0400",49.4,49.4,0.0,"2019-07-19 03:33:41 -0400","None","---","A Weighting","Z Weighting","Fast","PRM831","RI:FF","Linear","Low","1/1 and 1/3","A Weighting","Bin Max",0.0000,145.4806,52.6138,69.5511,1.0020,-99.9400,60.7759,8.1621,56.7159,4.1021,0.0000,0.0000,0.0000,0.0,46.5,44.9
SF__LM__.062,"SF__LM___062.xlsx","SF__LM__.062","3827","Model 831","2.301","2020-04-24 05:59:12 -0400","2020-04-24 05:59:42 -0400",30.1,30.1,0.0,"2019-07-19 03:33:41 -0400","None","---","A Weighting","Z Weighting","Fast","PRM831","RI:FF","Linear","Low","1/1 and 1/3","A Weighting","Bin Max",0.0000,145.4806,55.5146,70.3002,1.1906,-99.9400,64.0992,8.5846,57.7710,2.2564,0.0000,0.0000,0.0000,0.0,49.9,46.3
SF__RICH.001,"SF__RICH_001.xlsx","SF__RICH.001","3827","Model 831","2.301","2020-04-25 11:22:01 -0400","2020-04-25 11:22:17 -0400",16.3,16.3,0.0,"2019-07-19 03:33:41 -0400","None","---","A Weighting","Z Weighting","Fast","PRM831","RI:FF","Linear","Low","1/1 and 1/3","A Weighting","Bin Max",0.0000,145.4806,53.0577,65.1796,0.3662,-99.9400,55.3928,2.3351,58.1526,5.0949,0.0000,0.0000,0.0000,0.0,36.9,36.5
SF__RICH.002,"SF__RICH_002.xlsx","SF__RICH.002","3827","Model 831","2.301","2020-04-25 11:26:59 -0400","2020-04-25 11:28:05 -0400",67.7,67.7,0.0,"2019-07-19 03:33:41 -0400","None","---","A Weighting","Z Weighting","Fast","PRM831","RI:FF","Linear","Low","1/1 and 1/3","A Weighting","Bin Max",0.0000,145.4806,52.3037,70.6096,1.2785,-99.9400,55.4019,3.0982,57.7336,5.4299,0.0000,0.0000,0.0000,0.0,39.5,38.6
SF__RICH.003,"SF__RICH_003.xlsx","SF__RICH.003","3827","Model 831","2.301","2020-04-25 11:28:55 -0400","2020-04-25 11:29:29 -0400",33.7,33.7,0.0,"2019-07-19 03:33:41 -0400","None","---","A Weighting","Z Weighting","Fast","PRM831","RI:FF","Linear","Low","1/1 and 1/3","A Weighting","Bin Max",0.0000,145.4806,53.5940,68.8703,0.8566,-99.9400,55.2315,1.6374,59.1790,5.5849,0.0000,0.0000,0.0000,0.0,39.9,39.4
SF__RICH.004,"SF__RICH_004.xlsx","SF__RICH.004","3827","Model 831","2.301","2020-04-25 11:29:57 -0400","2020-04-25 11:30:50 -0400",53.1,53.1,0.0,"2019-07-19 03:33:41 -0400","None","---","A Weighting","Z Weighting","Fast","PRM831","RI:FF","Linear","Low","1/1 and 1/3","A Weighting","Bin Max",0.0000,145.4806,57.0735,74.3245,3.0075,-99.9400,57.4596,0.3861,62.5465,5.4730,0.0000,0.0000,0.0000,0.0,39.3,38.4
SF__RICH.007,"SF__RICH_007.xlsx","SF__RICH.007","3827","Model 831","2.301","2020-04-25 11:49:47 -0400","2020-04-25 11:50:02 -0400",14.6,14.6,0.0,"2019-07-19 03:33:41 -0400","None","---","A Weighting","Z Weighting","Fast","PRM831","RI:FF","Linear","Low","1/1 and 1/3","A Weighting","Bin Max",0.0000,145.4806,51.4478,63.0913,0.2264,-99.9400,55.7610,4.3132,57.6629,6.2151,0.0000,0.0000,0.0000,0.0,38.2,37.4
SF__RICH.014,"SF__RICH_014.xlsx","SF__RICH.014","3827","Model 831","2.301","2020-04-25 12:55:46 -0400","2020-04-25 12:56:04 -0400",16.8,16.8,0.0,"2019-07-19 03:33:41 -0400","None","---","A Weighting","Z Weighting","Fast","PRM831","RI:FF","Linear","Low","1/1 and 1/3","A Weighting","Bin Max",0.0000,145.4806,57.6380,69.8911,1.0836,-99.9400,60.9596,3.3215,64.7044,7.0664,0.0000,0.0000,0.0000,0.0,42.0,41.3
SF__RICH.015,"SF__RICH_015.xlsx","SF__RICH.015","3827","Model 831","2.301","2020-04-25 12:59:20 -0400","2020-04-25 13:00:08 -0400",48.5,48.5,0.0,"2019-07-19 03:33:41 -0400","None","---","A Weighting","Z Weighting","Fast","PRM831","RI:FF","Linear","Low","1/1 and 1/3","A Weighting","Bin Max",0.0000,145.4806,56.6395,73.4969,2.4857,-99.9400,63.3611,6.7216,63.2610,6.6216,0.0000,0.0000,0.0000,0.0,43.2,42.4
SF__RICH.017,"SF__RICH_017.xlsx","SF__RICH.017","3827","Model 831","2.301","2020-04-25 13:21:55 -0400","2020-04-25 13:22:45 -0400",51.2,51.2,0.0,"2019-07-19 03:33:41 -0400","None","---","A Weighting","Z Weighting","Fast","PRM831","RI:FF","Linear","Low","1/1 and 1/3","A Weighting","Bin Max",0.0000,145.4806,59.8636,76.9563,5.5130,-99.9400,62.1051,2.2415,65.9226,6.0590,0.0000,0.0000,0.0000,0.0,42.8,41.9
SF__RICH.020,"SF__RICH_020.xlsx","SF__RICH.020","3827","Model 831","2.301","2020-04-25 14:03:58 -0400","2020-04-25 14:05:07 -0400",69.2,69.2,0.0,"2019-07-19 03:33:41 -0400","None","---","A Weighting","Z Weighting","Fast","PRM831","RI:FF","Linear","Low","1/1 and 1/3","A Weighting","Bin Max",0.0000,145.4806,54.9557,73.3568,2.4068,-99.9400,64.0862,9.1305,61.2550,6.2993,0.0000,0.0000,0.0000,0.0,44.5,43.5
SF__RICH.021,"SF__RICH_021.xlsx","SF__RICH.021","3827","Model 831","2.301","2020-04-25 14:08:25 -0400","2020-04-25 14:10:01 -0400",95.2,95.2,0.0,"2019-07-19 03:33:41 -0400","None","---","A Weighting","Z Weighting","Fast","PRM831","RI:FF","Linear","Low","1/1 and 1/3","A Weighting","Bin Max",0.0000,145.4806,56.3005,76.0869,4.5128,-99.9400,63.1422,6.8417,63.4219,7.1214,0.0000,0.0000,0.0000,0.0,42.3,41.1
SF__RICH.023,"SF__RICH_023.xlsx","SF__RICH.023","3827","Model 831","2.301","2020-04-25 14:32:08 -0400","2020-04-25 14:32:19 -0400",10.1,10.1,0.0,"2019-07-19 03:33:41 -0400","None","---","A Weighting","Z Weighting","Fast","PRM831","RI:FF","Linear","Low","1/1 and 1/3","A Weighting","Bin Max",0.0000,145.4806,52.7624,62.8056,0.2120,-99.9400,57.3109,4.5485,58.0157,5.2533,0.0000,0.0000,0.0000,0.0,39.5,39.0
SF__RICH.027,"SF__RICH_027.xlsx","SF__RICH.027","3827","Model 831","2.301","2020-04-25 15:31:01 -0400","2020-04-25 15:31:42 -0400",40.2,40.2,0.0,"2019-07-19 03:33:41 -0400","None","---","A Weighting","Z Weighting","Fast","PRM831","RI:FF","Linear","Low","1/1 and 1/3","A Weighting","Bin Max",0.0000,145.4806,50.4383,66.4805,0.4941,-99.9400,58.1800,7.7417,56.4329,5.9946,0.0000,0.0000,0.0000,0.0,44.2,43.5
